x	y	cja	kja	vja	cfe	kfe	vfe	cmr	kmr	vmr	cav	kav	vav	cm	km	vm	cjn	kjn	vn	cjl	kjl	vjl	ca	ka	va	cs	ks	vs	co	ko	vo	cn	kn	vn	cd	kd	vd	cau	kau	vau	cw	kw	vw	csp	ksp	vsp	csm	ksm	vsm	c	k	v
-0.28	27.88	6.3	2.35	5.6	6.9	2.25	6.1	7.2	2.31	6.3	7.2	2.14	6.4	7.3	2.27	6.5	6.8	2.22	6.0	7.2	2.33	6.4	6.8	2.37	6.1	6.3	2.09	5.6	6.4	2.27	5.7	6.1	2.26	5.4	6.3	2.53	5.6	6.3	2.29	5.5	6.7	2.30	5.9	6.9	2.24	6.1	6.8	2.27	6.1	6.7	2.26	5.9
 5.35	22.85	3.7	1.74	3.3	4.2	1.83	3.7	4.8	1.95	4.3	4.7	1.97	4.2	4.8	1.86	4.2	4.6	2.07	4.1	5.0	2.03	4.4	4.7	2.04	4.2	4.7	2.08	4.1	4.0	1.91	3.5	3.4	1.83	3.0	3.4	1.72	3.0	3.7	1.82	3.3	4.1	1.77	3.6	4.4	1.84	3.9	4.8	2.04	4.2	4.1	1.80	3.7
3.53	36.31	2.9	1.68	2.6	3.0	1.78	2.7	3.1	1.66	2.8	3.0	1.90	2.7	2.8	1.86	2.5	2.8	1.56	2.5	2.7	1.67	2.4	2.5	1.71	2.2	2.8	1.58	2.5	2.6	1.75	2.4	3.4	2.07	3.0	3.1	2.08	2.8	3.0	1.87	2.7	3.0	1.74	2.7	2.9	1.72	2.6	2.7	1.64	2.4	2.9	1.76	2.6
3.53	36.31	2.5	1.58	2.2	3.0	1.79	2.6	3.1	1.96	2.7	3.6	2.16	3.2	3.4	2.00	3.0	3.4	1.91	3.0	2.9	1.91	2.6	2.8	1.94	2.5	3.0	1.81	2.7	2.3	1.69	2.1	2.7	1.84	2.4	2.7	1.70	2.4	2.6	1.73	2.3	2.8	1.73	2.5	3.1	1.81	2.8	3.0	1.88	2.6	2.9	1.75	2.6
3.1	36.76	3.0	1.17	2.8	3.3	1.22	3.1	3.3	1.22	3.1	3.5	1.30	3.3	3.5	1.34	3.3	3.7	1.39	3.3	3.6	1.36	3.3	3.5	1.34	3.2	3.3	1.29	3.0	2.8	1.24	2.6	3.2	1.28	3.0	2.9	1.16	2.8	3.0	1.23	2.8	3.1	1.19	3.0	3.4	1.29	3.1	3.5	1.34	3.2	3.2	1.25	3.0
7.81	36.83	4.4	1.76	3.9	4.4	1.68	4.0	4.4	1.68	3.9	4.3	1.74	3.9	4.3	1.68	3.8	4.4	1.63	4.0	4.6	1.58	4.1	4.4	1.57	4.0	4.2	1.63	3.7	3.9	1.71	3.5	4.2	1.72	3.7	4.2	1.75	3.8	4.1	1.71	3.7	4.4	1.71	3.9	4.4	1.70	3.9	4.4	1.59	4.0	4.3	1.70	3.8
1.08	26.96 	6.0	1.72	5.4	7.4	2.07	6.5	6.6	2.09	5.8	6.2	2.07	5.5	6.8	2.23	6.0	6.1	2.36	5.4	7.3	2.94	6.5	6.6	2.82	5.9	6.2	2.37	5.5	6.6	2.11	5.9	5.1	1.79	4.6	5.3	1.59	4.8	5.8	1.86	5.2	6.5	1.86	5.8	6.3	2.02	5.6	6.7	2.66	5.9	6.2	1.93	5.5
-0.26	35.81	4.3	1.52	3.8	4.5	1.88	4.0	4.3	2.04	3.8	4.6	1.86	4.1	4.2	1.93	3.8	4.0	2.20	3.5	3.6	2.06	3.2	3.6	1.93	3.2	3.9	1.95	3.5	3.7	1.71	3.3	4.6	1.86	4.1	4.1	1.98	3.7	4.1	1.82	3.7	4.3	1.76	3.9	4.2	1.78	3.8	3.7	2.00	3.3	4.2	1.78	3.8
5.28	35.38	3.8	1.70	3.4	4.3	2.09	3.8	5.4	1.99	4.8	5.7	2.29	5.1	5.7	2.43	5.0	5.7	2.41	5.0	5.2	2.46	4.6	4.9	2.09	4.4	4.8	2.13	4.3	3.9	1.83	3.5	4.7	1.77	4.2	4.2	1.75	3.8	4.3	1.79	3.8	4.4	1.83	3.9	5.1	2.05	4.5	5.1	2.23	4.5	4.7	1.91	4.2
6.18	35.75	3.8	1.24	3.5	4.1	1.28	3.8	4.5	1.38	4.1	4.5	1.45	4.1	4.4	1.48	4.0	4.4	1.44	4.0	4.5	1.51	4.1	4.3	1.45	3.9	4.1	1.44	3.7	3.8	1.35	3.5	3.9	1.26	3.7	3.5	1.20	3.3	3.8	1.29	3.5	4.0	1.27	3.7	4.2	1.38	3.9	4.3	1.47	3.9	4.1	1.33	3.7
5.06	36.71	4.4	1.83	3.9	4.2	1.78	3.7	3.9	1.70	3.5	3.7	1.67	3.3	3.4	1.74	3.1	3.4	1.76	3.1	3.5	1.82	3.1	3.5	1.88	3.1	3.5	1.78	3.1	3.8	1.82	3.4	4.1	1.77	3.7	4.5	1.82	4.0	4.0	1.78	3.6	4.2	1.78	3.8	3.8	1.72	3.4	3.5	1.82	3.1	3.9	1.74	3.5
-1.35	35.3	2.9	1.03	2.8	3.0	1.08	2.9	2.9	1.10	2.8	3.1	1.20	2.9	3.1	1.25	2.8	3.0	1.24	2.8	3.0	1.23	2.8	2.8	1.18	2.7	2.6	1.15	2.5	2.5	1.06	2.4	2.9	1.08	2.9	2.7	1.04	2.7	2.7	1.06	2.6	2.9	1.06	2.8	3.0	1.16	2.8	2.8	1.19	2.7	2.9	1.11	2.8
-2.16	30.13	4.0	2.14	3.6	5.1	2.32	4.5	5.0	2.33	4.5	5.7	2.43	5.1	5.7	2.54	5.1	5.2	2.53	4.6	4.9	2.50	4.3	4.8	2.58	4.2	4.6	2.19	4.1	5.0	2.32	4.4	3.7	1.97	3.3	3.8	2.17	3.4	4.3	2.07	3.8	4.6	2.17	4.1	5.1	2.27	4.5	4.8	2.44	4.3	4.7	2.17	4.2
5.73	34.8	4.6	1.22	4.3	4.8	1.26	4.5	5.5	1.38	5.0	5.8	1.41	5.3	5.7	1.43	5.2	5.0	1.44	4.5	4.4	1.42	4.0	4.1	1.39	3.7	4.2	1.32	3.9	3.8	1.15	3.6	4.4	1.22	4.1	4.0	1.16	3.8	4.1	1.19	3.9	4.8	1.26	4.4	5.2	1.35	4.7	4.3	1.38	3.9	4.8	1.28	4.5
4.76	36.06	2.8	1.73	2.5	3.0	2.12	2.7	3.0	2.00	2.7	3.0	1.99	2.7	3.0	1.95	2.7	3.1	1.87	2.7	2.9	1.86	2.6	2.7	1.81	2.4	2.9	1.78	2.6	2.7	1.93	2.4	3.0	1.90	2.7	2.8	2.03	2.5	2.9	1.91	2.5	2.9	1.93	2.6	3.0	1.86	2.6	2.8	1.82	2.5	2.9	1.89	2.6
4.2	35.33	3.7	0.95	3.8	4.1	1.01	4.1	4.5	1.10	4.3	4.6	1.17	4.3	4.3	1.16	4.1	3.8	1.16	3.6	3.3	1.13	3.2	3.0	1.08	2.9	3.0	1.04	3.0	2.5	0.92	2.7	3.7	1.02	3.7	3.2	0.91	3.4	3.1	0.95	3.2	3.9	1.00	3.9	4.0	1.08	3.9	3.2	1.09	3.1	3.8	1.02	3.7
7.71	36.48	2.9	1.94	2.6	2.7	1.87	2.4	2.7	1.77	2.4	2.7	1.74	2.4	2.8	1.68	2.5	2.5	1.86	2.2	2.6	1.64	2.3	2.5	1.60	2.2	2.3	1.79	2.1	2.4	1.72	2.2	2.9	1.75	2.6	2.7	1.68	2.4	2.6	1.71	2.4	2.8	1.84	2.5	2.8	1.79	2.5	2.5	1.67	2.2	2.7	1.78	2.4
3.89	36.38	2.8	1.73	2.5	3.0	2.12	2.7	3.0	2.00	2.7	3.0	1.99	2.7	3.0	1.95	2.7	3.1	1.87	2.7	2.9	1.86	2.6	2.7	1.81	2.4	2.9	1.78	2.6	2.7	1.93	2.4	3.0	1.90	2.7	2.8	2.03	2.5	2.9	1.91	2.5	2.9	1.93	2.6	3.0	1.86	2.6	2.8	1.82	2.5	2.9	1.89	2.6
-2.23	31.5	3.1	1.05	3.0	4.0	1.23	3.7	4.7	1.33	4.4	5.6	1.51	5.1	5.7	1.59	5.1	5.2	1.64	4.6	4.9	1.64	4.4	4.7	1.62	4.2	4.6	1.51	4.1	3.8	1.32	3.5	3.5	1.19	3.3	2.9	1.09	2.8	3.6	1.24	3.3	3.7	1.16	3.5	4.7	1.36	4.3	4.8	1.60	4.3	4.2	1.26	3.9
1.33	36.21	3.2	1.13	3.1	3.6	1.21	3.3	3.7	1.25	3.4	3.8	1.32	3.5	3.8	1.38	3.5	3.9	1.44	3.5	3.6	1.39	3.3	3.5	1.31	3.2	3.5	1.33	3.2	3.1	1.24	2.9	3.3	1.20	3.1	3.0	1.19	2.8	3.2	1.22	3.0	3.4	1.18	3.2	3.6	1.30	3.4	3.6	1.35	3.3	3.5	1.25	3.2
6.61	36.28	3.2	1.13	3.1	3.5	1.20	3.3	3.4	1.21	3.2	3.3	1.24	3.1	3.2	1.25	2.9	3.3	1.29	3.0	3.2	1.28	2.9	3.1	1.25	2.8	2.9	1.23	2.7	2.8	1.15	2.6	3.2	1.15	3.1	3.1	1.14	3.0	3.0	1.15	2.9	3.3	1.17	3.1	3.2	1.21	3.0	3.1	1.26	2.9	3.2	1.18	3.0
9.46	24.26	2.8	1.12	2.7	3.2	1.21	3.0	4.2	1.35	3.8	4.6	1.45	4.2	4.7	1.52	4.2	4.6	1.60	4.1	5.0	1.70	4.5	4.6	1.61	4.1	4.3	1.53	3.9	3.5	1.33	3.2	2.8	1.20	2.6	2.5	1.14	2.4	3.1	1.24	2.9	3.2	1.18	3.0	4.0	1.35	3.7	4.7	1.62	4.2	3.6	1.27	3.3
3.25	34.33	4.3	1.29	4.0	4.3	1.29	4.0	5.1	1.56	4.6	5.4	1.67	4.8	5.1	1.67	4.6	4.7	1.62	4.2	4.4	1.62	3.9	4.0	1.51	3.6	4.0	1.49	3.6	3.8	1.37	3.5	4.3	1.38	3.9	4.2	1.36	3.9	4.1	1.38	3.7	4.5	1.35	4.1	4.8	1.51	4.3	4.2	1.55	3.8	4.5	1.43	4.1
2.86	30.56	3.3	1.16	3.1	4.1	1.26	3.8	4.3	1.23	4.0	5.0	1.40	4.5	5.0	1.47	4.5	4.6	1.54	4.1	4.0	1.46	3.6	3.9	1.42	3.5	4.0	1.38	3.6	3.6	1.27	3.4	3.2	1.17	3.1	3.2	1.18	3.0	3.4	1.23	3.2	3.7	1.20	3.5	4.3	1.35	4.0	4.0	1.43	3.6	4.0	1.27	3.7
6.11	33.5	2.6	1.11	2.5	3.1	1.15	2.9	3.8	1.23	3.5	4.4	1.37	4.1	4.4	1.41	4.0	4.3	1.50	3.9	3.8	1.49	3.5	3.5	1.41	3.2	3.4	1.31	3.1	2.5	1.08	2.5	2.4	1.07	2.4	2.5	1.05	2.4	2.6	1.09	2.5	3.0	1.13	2.9	3.8	1.29	3.5	3.7	1.42	3.3	3.3	1.18	3.1
1	33.66	4.5	2.06	3.9	5.1	2.35	4.5	5.3	2.09	4.7	5.6	2.37	4.9	5.4	2.32	4.8	5.2	2.17	4.6	4.7	2.34	4.2	4.3	2.60	3.8	4.9	2.11	4.3	4.1	2.40	3.6	4.6	2.16	4.1	4.7	2.23	4.2	4.5	2.21	4.0	4.9	2.14	4.3	5.1	2.17	4.5	4.7	2.29	4.1	4.9	2.16	4.3
8.45	36.9	5.1	1.58	4.6	5.2	1.64	4.6	5.2	1.71	4.7	5.0	1.76	4.5	4.8	1.78	4.3	4.3	1.80	3.8	4.3	1.80	3.8	4.1	1.80	3.6	4.0	1.73	3.6	4.0	1.63	3.5	4.5	1.58	4.0	4.9	1.58	4.4	4.3	1.58	3.9	5.1	1.63	4.6	4.8	1.69	4.3	4.2	1.78	3.7	4.8	1.64	4.3
0.06	34.15	4.1	1.65	3.6	4.8	2.00	4.2	4.9	1.85	4.3	5.4	1.99	4.7	5.0	1.96	4.5	5.2	1.89	4.6	4.9	2.00	4.4	4.4	1.91	3.9	4.9	1.82	4.4	3.9	1.98	3.5	4.4	1.99	3.9	4.4	2.01	3.9	4.3	1.95	3.8	4.5	1.82	4.0	4.8	1.82	4.3	4.8	1.90	4.2	4.6	1.84	4.1
3.81	32.4	3.9	1.25	3.7	4.6	1.40	4.2	4.9	1.41	4.5	5.3	1.56	4.8	5.1	1.58	4.6	4.7	1.58	4.3	4.1	1.53	3.7	3.9	1.47	3.5	4.0	1.45	3.6	3.5	1.28	3.2	3.7	1.28	3.4	3.9	1.30	3.6	3.7	1.30	3.4	4.3	1.33	4.0	4.7	1.45	4.2	4.1	1.49	3.7	4.3	1.37	4.0
-1.86	35.1	2.9	0.94	3.0	3.1	1.02	3.1	2.9	1.08	2.8	3.0	1.12	2.9	2.8	1.17	2.7	2.6	1.28	2.4	2.4	1.22	2.2	2.3	1.18	2.2	2.5	1.20	2.3	2.4	1.03	2.4	3.0	1.02	3.0	2.9	1.01	2.9	2.7	1.02	2.7	3.0	1.00	3.0	2.8	1.07	2.7	2.4	1.21	2.3	2.8	1.03	2.8
0.13 	35.2	3.2	1.09	3.1	3.7	1.18	3.5	3.5	1.15	3.3	3.4	1.24	3.2	3.6	1.28	3.3	3.5	1.28	3.2	3.4	1.28	3.1	3.2	1.24	3.0	3.1	1.20	2.9	3.0	1.15	2.8	3.3	1.16	3.2	3.1	1.12	2.9	3.1	1.15	3.0	3.4	1.13	3.2	3.4	1.21	3.2	3.3	1.25	3.0	3.3	1.17	3.2
 7.46	36.46	2.9	1.94	2.6	2.7	1.87	2.4	2.7	1.77	2.4	2.7	1.74	2.4	2.8	1.68	2.5	2.5	1.86	2.2	2.6	1.64	2.3	2.5	1.60	2.2	2.3	1.79	2.1	2.4	1.72	2.2	2.9	1.75	2.6	2.7	1.68	2.4	2.6	1.71	2.4	2.8	1.84	2.5	2.8	1.79	2.5	2.5	1.67	2.2	2.7	1.78	2.4
6.15	31.66	3.3	1.09	3.2	4.1	1.23	3.9	4.7	1.30	4.3	5.3	1.49	4.8	5.4	1.54	4.9	5.1	1.64	4.6	4.5	1.61	4.0	4.2	1.51	3.8	4.4	1.52	4.0	3.7	1.30	3.4	3.3	1.14	3.2	3.3	1.14	3.1	3.6	1.23	3.3	3.8	1.17	3.6	4.6	1.37	4.3	4.4	1.55	4.0	4.2	1.27	3.9
8.41	26.5	3.9	1.45	3.6	4.6	1.52	4.1	5.0	1.60	4.5	5.0	1.63	4.5	5.4	1.81	4.8	5.2	1.86	4.6	5.1	1.99	4.6	4.9	1.96	4.3	4.6	1.80	4.1	4.3	1.68	3.9	3.8	1.51	3.4	3.7	1.46	3.4	4.1	1.58	3.6	4.4	1.49	3.9	4.9	1.65	4.3	5.0	1.92	4.4	4.5	1.58	4.1
9.63	28.05	4.4	1.51	4.0	5.0	1.52	4.5	5.6	1.60	5.0	5.9	1.71	5.3	6.4	1.83	5.7	6.0	1.97	5.3	5.7	2.05	5.0	5.4	1.98	4.8	5.2	1.82	4.6	5.0	1.78	4.4	4.4	1.64	3.9	4.4	1.60	4.0	4.7	1.69	4.2	4.9	1.52	4.4	5.6	1.69	5.0	5.5	1.96	4.9	5.2	1.63	4.6
5.76	19.56	5.7	2.88	5.1	5.3	2.60	4.7	5.1	2.52	4.5	4.3	2.52	3.8	4.6	2.47	4.1	4.6	2.74	4.1	4.9	2.63	4.4	4.7	2.45	4.2	4.7	2.69	4.1	5.3	2.91	4.8	4.7	3.00	4.2	5.6	3.17	5.0	5.1	2.91	4.6	5.4	2.72	4.8	4.9	2.57	4.4	4.8	2.58	4.2	5.1	2.67	4.5
2.46	27.23	5.9	1.66	5.2	7.1	1.97	6.3	6.4	1.93	5.7	6.2	2.03	5.5	6.6	1.97	5.8	5.9	1.97	5.2	7.1	2.52	6.3	6.5	2.36	5.8	6.0	2.08	5.3	6.4	2.02	5.6	5.2	1.82	4.6	5.5	1.65	4.9	5.7	1.85	5.1	6.3	1.79	5.6	6.1	1.86	5.5	6.5	2.28	5.8	6.1	1.83	5.4
5.78	36.8	3.0	1.08	3.0	3.2	1.12	3.1	3.2	1.13	3.1	3.0	1.16	2.9	2.9	1.21	2.7	2.8	1.24	2.6	2.9	1.26	2.7	2.9	1.24	2.7	2.7	1.19	2.6	2.4	1.10	2.4	2.9	1.08	2.8	2.9	1.06	2.8	2.7	1.08	2.6	3.1	1.10	3.0	2.9	1.15	2.8	2.9	1.24	2.7	2.9	1.12	2.8
5.78	36.1	4.1	1.57	3.7	4.4	1.61	4.0	4.5	1.66	4.0	4.5	1.79	4.0	4.3	1.87	3.8	4.3	1.88	3.9	4.1	1.89	3.7	4.1	1.89	3.6	4.0	1.83	3.5	3.7	1.72	3.3	4.2	1.60	3.8	3.9	1.56	3.5	3.9	1.64	3.5	4.3	1.60	3.8	4.3	1.75	3.8	4.1	1.87	3.7	4.2	1.68	3.7
7.13	35.41	3.8	1.91	3.4	3.8	2.04	3.4	3.8	2.10	3.4	3.9	2.23	3.5	3.9	2.10	3.4	3.8	2.26	3.3	3.5	2.24	3.1	3.4	2.05	3.0	3.5	2.36	3.1	3.1	1.98	2.8	3.7	1.92	3.3	3.7	1.74	3.3	3.5	1.89	3.1	3.8	1.96	3.4	3.9	2.07	3.4	3.5	2.19	3.1	3.8	1.99	3.3
2.31	35.16	4.1	1.65	3.7	4.2	1.96	3.7	4.1	1.99	3.6	4.3	2.08	3.8	4.3	2.06	3.8	4.1	1.88	3.7	3.9	2.04	3.5	3.5	1.94	3.1	3.9	1.99	3.4	3.3	1.92	2.9	4.5	2.04	3.9	4.3	1.96	3.8	4.0	1.91	3.5	4.1	1.84	3.7	4.2	1.86	3.7	3.8	1.96	3.4	4.1	1.87	3.7
2.93	33.76	3.8	1.02	3.8	4.9	1.19	4.6	5.6	1.34	5.1	5.9	1.58	5.3	5.5	1.52	5.0	5.4	1.53	4.8	4.5	1.41	4.1	4.2	1.30	3.8	4.1	1.27	3.8	3.1	1.04	3.0	3.8	1.09	3.7	3.5	1.02	3.5	3.5	1.07	3.4	4.5	1.13	4.3	5.0	1.33	4.6	4.4	1.34	4.0	4.5	1.20	4.2
-1.78	34.81	3.8	1.24	3.6	3.7	1.25	3.5	3.6	1.30	3.4	3.8	1.38	3.5	3.8	1.39	3.4	3.8	1.38	3.4	3.8	1.37	3.5	3.6	1.37	3.3	3.4	1.36	3.1	3.3	1.30	3.1	3.7	1.26	3.4	3.8	1.26	3.5	3.5	1.27	3.3	3.7	1.26	3.5	3.8	1.33	3.5	3.7	1.37	3.3	3.7	1.30	3.4
0.16	35.24	3.2	1.09	3.1	3.7	1.18	3.5	3.5	1.15	3.3	3.4	1.24	3.2	3.6	1.28	3.3	3.5	1.28	3.2	3.4	1.28	3.1	3.2	1.24	3.0	3.1	1.20	2.9	3.0	1.15	2.8	3.3	1.16	3.2	3.1	1.12	2.9	3.1	1.15	3.0	3.4	1.13	3.2	3.4	1.21	3.2	3.3	1.25	3.0	3.3	1.17	3.2
2.75	36.28	2.8	1.66	2.5	3.0	2.01	2.6	3.0	1.84	2.7	2.9	2.11	2.6	2.7	2.15	2.4	2.6	1.96	2.3	2.8	1.94	2.5	2.6	2.02	2.3	2.8	1.86	2.5	2.8	1.90	2.4	3.4	2.08	3.0	3.0	2.10	2.6	3.0	1.97	2.7	2.9	1.84	2.6	2.8	1.90	2.4	2.7	1.94	2.4	2.9	1.90	2.5
2.23	36.3	2.5	1.49	2.3	2.6	1.84	2.3	2.6	1.84	2.3	2.8	1.88	2.5	2.6	1.94	2.3	2.5	1.85	2.2	2.5	1.80	2.3	2.4	1.83	2.1	2.5	1.76	2.2	2.4	1.61	2.1	3.0	1.80	2.7	2.5	1.73	2.3	2.6	1.68	2.4	2.6	1.69	2.3	2.6	1.73	2.3	2.5	1.80	2.2	2.6	1.71	2.3
0.11	35.88	4.4	1.53	4.0	4.7	1.90	4.2	4.6	2.08	4.1	4.7	1.91	4.1	4.4	1.88	3.9	4.1	1.91	3.6	3.7	1.88	3.3	3.8	1.75	3.4	4.1	1.78	3.6	4.0	1.69	3.6	4.8	1.81	4.3	4.3	2.05	3.8	4.4	1.79	3.9	4.6	1.79	4.1	4.4	1.74	3.9	3.9	1.81	3.4	4.4	1.76	3.9
4.5	35.66	4.3	1.90	3.8	4.6	2.23	4.1	4.8	2.12	4.3	5.4	2.58	4.8	5.1	2.26	4.5	5.4	2.37	4.7	5.1	2.43	4.6	4.6	2.16	4.1	4.8	2.30	4.3	3.8	1.97	3.4	4.3	1.89	3.8	4.0	1.78	3.5	4.1	1.91	3.7	4.5	2.02	4.0	4.9	2.16	4.4	4.9	2.29	4.4	4.6	2.04	4.1
-0.43	33.58	4.8	1.98	4.2	5.5	2.25	4.9	5.7	1.89	5.0	6.0	2.15	5.3	5.6	2.32	5.0	5.6	2.23	5.0	5.2	2.31	4.6	4.8	2.39	4.2	5.4	2.02	4.7	4.6	2.36	4.1	4.8	2.17	4.2	5.0	2.34	4.4	4.8	2.23	4.3	5.2	2.04	4.6	5.4	2.13	4.8	5.1	2.22	4.6	5.2	2.12	4.6
-0.3	33.26	4.8	1.98	4.2	5.5	2.25	4.9	5.7	1.89	5.0	6.0	2.15	5.3	5.6	2.32	5.0	5.6	2.23	5.0	5.2	2.31	4.6	4.8	2.39	4.2	5.4	2.02	4.7	4.6	2.36	4.1	4.8	2.17	4.2	5.0	2.34	4.4	4.8	2.23	4.3	5.2	2.04	4.6	5.4	2.13	4.8	5.1	2.22	4.6	5.2	2.12	4.6
-0.6	35.63	3.4	1.17	3.3	3.9	1.26	3.6	4.2	1.39	3.9	4.7	1.55	4.2	4.7	1.65	4.2	4.8	1.77	4.3	4.6	1.74	4.1	4.4	1.66	3.9	4.1	1.55	3.6	3.5	1.38	3.2	3.6	1.27	3.3	3.3	1.17	3.1	3.5	1.30	3.2	3.7	1.24	3.5	4.3	1.48	3.9	4.4	1.67	3.9	4.0	1.37	3.6
 -0.51	35.48	3.5	1.14	3.3	3.9	1.24	3.6	4.2	1.36	3.9	4.7	1.52	4.2	4.8	1.62	4.3	4.9	1.73	4.3	4.6	1.70	4.1	4.4	1.63	3.9	4.1	1.52	3.7	3.5	1.35	3.2	3.7	1.24	3.4	3.4	1.14	3.2	3.6	1.27	3.3	3.8	1.22	3.5	4.4	1.45	4.0	4.5	1.63	4.0	4.0	1.34	3.7
-0.65	35.7	3.4	1.16	3.3	3.9	1.27	3.6	4.2	1.39	3.9	4.7	1.55	4.2	4.7	1.64	4.2	4.7	1.75	4.2	4.5	1.71	4.0	4.3	1.65	3.9	4.0	1.55	3.6	3.5	1.37	3.2	3.6	1.27	3.3	3.3	1.19	3.1	3.5	1.31	3.3	3.7	1.24	3.5	4.3	1.47	3.9	4.4	1.65	3.9	4.0	1.36	3.6
5.4	31.93	3.3	1.22	3.1	4.3	1.45	3.9	4.8	1.51	4.4	5.5	1.77	4.9	5.7	1.85	5.1	5.5	1.89	4.9	4.8	1.84	4.2	4.7	1.84	4.2	4.9	1.86	4.3	3.9	1.49	3.6	3.3	1.25	3.1	3.2	1.23	3.0	3.6	1.37	3.3	3.9	1.34	3.6	4.9	1.57	4.4	4.8	1.84	4.3	4.3	1.44	3.9
7.11	35.86	3.3	2.12	2.9	3.1	2.07	2.7	3.2	2.16	2.8	3.4	2.24	3.0	3.3	2.06	2.9	3.2	2.08	2.8	3.0	2.00	2.7	3.0	1.91	2.7	2.8	2.14	2.5	2.7	1.98	2.4	3.3	2.05	2.9	3.1	2.03	2.8	3.0	1.99	2.7	3.2	2.10	2.8	3.3	2.10	2.9	3.0	1.99	2.7	3.2	2.07	2.8
0.55	35.7333	2.7	1.12	2.6	3.1	1.27	2.8	3.1	1.30	2.9	3.3	1.53	3.0	3.2	1.56	2.9	3.3	1.61	2.9	3.1	1.66	2.8	2.8	1.58	2.5	2.8	1.53	2.6	2.7	1.43	2.4	3.2	1.34	2.9	2.7	1.24	2.5	2.9	1.35	2.6	2.9	1.22	2.7	3.1	1.39	2.8	3.0	1.59	2.7	3.0	1.33	2.8
0.15	34.86	3.4	2.03	3.0	3.7	2.07	3.2	3.5	1.77	3.1	3.3	1.92	2.9	3.1	1.94	2.7	2.9	1.87	2.6	3.0	1.76	2.7	2.8	1.96	2.5	2.9	1.68	2.6	3.3	1.95	2.9	3.3	2.12	2.9	3.7	2.39	3.3	3.3	2.05	3.0	3.5	2.00	3.1	3.2	1.94	2.8	2.9	1.80	2.6	3.3	1.97	2.9
5.41	36.18	4.1	1.57	3.7	4.4	1.61	4.0	4.5	1.66	4.0	4.5	1.79	4.0	4.3	1.87	3.8	4.3	1.88	3.9	4.1	1.89	3.7	4.1	1.89	3.6	4.0	1.83	3.5	3.7	1.72	3.3	4.2	1.60	3.8	3.9	1.56	3.5	3.9	1.64	3.5	4.3	1.60	3.8	4.3	1.75	3.8	4.1	1.87	3.7	4.2	1.68	3.7
-0.61	35.2	5.5	1.50	5.0	6.2	1.64	5.5	6.3	1.63	5.6	6.5	1.73	5.8	6.3	1.84	5.6	6.0	1.86	5.3	5.9	1.83	5.2	5.4	1.74	4.8	5.6	1.65	5.0	5.0	1.55	4.5	5.5	1.62	4.9	5.3	1.48	4.8	5.3	1.56	4.7	5.9	1.56	5.3	6.0	1.70	5.4	5.7	1.75	5.0	5.8	1.63	5.2
6.95	36.88	4.7	1.83	4.2	4.4	1.80	3.9	4.2	1.77	3.8	4.1	1.79	3.7	4.0	1.70	3.5	3.7	1.81	3.3	3.7	1.86	3.3	3.7	1.75	3.3	3.8	1.86	3.4	3.9	1.86	3.5	4.6	1.84	4.1	4.7	1.81	4.2	4.3	1.81	3.8	4.5	1.80	4.0	4.2	1.75	3.7	3.7	1.82	3.3	4.3	1.77	3.8
7.95	36.28	3.6	2.04	3.2	3.3	1.87	2.9	3.4	2.07	3.0	3.3	2.05	3.0	3.2	1.89	2.8	2.8	2.17	2.5	2.8	2.06	2.4	2.8	1.93	2.4	2.7	2.10	2.4	2.7	1.85	2.4	3.4	1.79	3.0	3.3	1.71	3.0	3.0	1.75	2.7	3.4	1.94	3.0	3.2	1.97	2.9	2.7	2.03	2.4	3.2	1.90	2.9
5.51	22.8	4.0	2.43	3.6	4.5	2.53	4.0	5.1	2.53	4.5	5.1	2.62	4.5	5.2	2.64	4.6	4.9	3.08	4.4	5.5	2.93	4.9	5.2	3.07	4.6	5.0	2.83	4.4	4.3	2.55	3.8	3.6	2.45	3.2	3.7	2.44	3.3	4.0	2.43	3.6	4.4	2.40	3.9	4.8	2.56	4.2	5.2	2.94	4.6	4.5	2.45	4.0
5.46	22.8	3.7	1.74	3.3	4.2	1.83	3.7	4.8	1.95	4.3	4.7	1.97	4.2	4.8	1.86	4.2	4.6	2.07	4.1	5.0	2.03	4.4	4.7	2.04	4.2	4.7	2.08	4.1	4.0	1.91	3.5	3.4	1.83	3.0	3.4	1.72	3.0	3.7	1.82	3.3	4.1	1.77	3.6	4.4	1.84	3.9	4.8	2.04	4.2	4.1	1.80	3.7
8.13	35.41	3.8	1.19	3.6	4.4	1.30	4.1	4.5	1.33	4.2	4.5	1.43	4.1	4.3	1.43	3.9	4.1	1.45	3.7	3.9	1.42	3.5	3.6	1.37	3.3	3.5	1.30	3.2	3.2	1.19	3.0	3.7	1.22	3.4	3.7	1.20	3.5	3.5	1.21	3.3	4.2	1.25	3.9	4.1	1.35	3.8	3.7	1.38	3.4	4.0	1.28	3.7
-1.46	35.01	2.7	1.02	2.7	2.8	1.05	2.7	2.7	1.07	2.6	2.9	1.19	2.7	2.9	1.23	2.7	2.9	1.22	2.7	2.9	1.20	2.7	2.8	1.17	2.6	2.5	1.12	2.4	2.3	1.05	2.3	2.7	1.05	2.7	2.6	1.00	2.6	2.5	1.04	2.5	2.7	1.04	2.7	2.9	1.15	2.7	2.8	1.17	2.6	2.7	1.09	2.6
1.3	36.51	3.2	1.13	3.1	3.6	1.21	3.3	3.7	1.25	3.4	3.8	1.32	3.5	3.8	1.38	3.5	3.9	1.44	3.5	3.6	1.39	3.3	3.5	1.31	3.2	3.5	1.33	3.2	3.1	1.24	2.9	3.3	1.20	3.1	3.0	1.19	2.8	3.2	1.22	3.0	3.4	1.18	3.2	3.6	1.30	3.4	3.6	1.35	3.3	3.5	1.25	3.2
1.43	35.35	5.1	1.27	4.8	5.1	1.30	4.7	5.1	1.29	4.7	4.8	1.32	4.4	4.2	1.29	3.9	4.1	1.34	3.8	4.0	1.33	3.7	3.9	1.29	3.6	3.9	1.25	3.6	4.1	1.22	3.8	5.1	1.34	4.7	4.9	1.30	4.6	4.6	1.27	4.3	5.1	1.29	4.7	4.6	1.28	4.2	4.0	1.30	3.6	4.7	1.27	4.4
0.28	29.25	5.0	1.57	4.4	5.7	1.59	5.1	5.9	1.74	5.3	6.3	1.79	5.6	6.3	1.88	5.6	5.8	1.80	5.1	5.7	1.88	5.1	5.4	1.86	4.8	5.2	1.63	4.7	5.2	1.66	4.7	4.6	1.49	4.1	4.8	1.60	4.3	4.9	1.58	4.4	5.4	1.60	4.8	5.7	1.73	5.1	5.5	1.80	4.9	5.4	1.65	4.9
-8.13	27.7	5.3	1.55	4.7	5.8	1.63	5.2	6.5	1.78	5.8	7.6	2.04	6.7	7.7	2.14	6.8	7.7	2.40	6.8	6.1	2.16	5.4	6.1	2.08	5.4	6.5	2.10	5.7	5.4	1.74	4.8	5.1	1.61	4.6	5.0	1.66	4.5	5.4	1.70	4.8	5.7	1.62	5.1	6.9	1.90	6.1	6.4	2.12	5.6	6.2	1.75	5.5
4.05	36.7	2.2	1.42	2.0	2.1	1.51	1.9	2.2	1.64	2.0	2.4	1.72	2.2	2.3	1.68	2.0	2.3	1.65	2.1	2.4	1.55	2.1	2.3	1.57	2.0	2.4	1.57	2.1	2.1	1.42	1.9	2.7	1.64	2.5	2.2	1.52	2.0	2.4	1.51	2.1	2.2	1.50	2.0	2.3	1.58	2.0	2.3	1.57	2.1	2.3	1.54	2.0
